5 10 11483 13410 3576 516 13459 6598 3262 9498 3211 391 
5 5 6384 6318 9315 13418 9379 
5 4 13407 9523 13406 11506 
5 2 9904 11751 
4 5 11666 13438 6690 9648 13436 
4 5 9508 13449 11492 13451 3544 
5 9 11333 6103 11221 9268 6270 9297 13417 11345 6318 
5 8 3957 6984 3824 6845 11782 13582 6882 3878 
5 5 13592 3778 4270 13593 4345 
4 2 9660 13437 
4 2 9617 13433 
5 3 13470 3529 13473 
4 2 13435 11581 
4 2 13434 11586 
4 2 13442 3569 
5 17 587 13447 13598 6469 495 6535 11388 405 3395 6377 526 9375 3522 9456 3499 13455 6521 
5 2 6050 13464 
5 3 13482 3151 13481 
5 2 3938 13397 
5 2 13398 9764 
5 2 13399 6906 
5 6 13427 9907 11889 782 6606 13429 
5 6 11834 13400 911 3928 9909 13402 
5 4 11467 6464 13205 9427 
5 2 6788 13428 
5 7 6521 13452 6441 514 11481 3535 13448 
5 5 377 13415 6378 3369 13413 
5 2 6488 13445 
5 2 11544 13443 
5 3 9347 6257 6389 
5 3 3369 7239 9297 
5 3 525 13474 11557 
5 5 9347 6325 6263 13457 6377 
5 3 9998 1182 13527 
5 2 13531 12406 
5 2 7798 13530 
5 5 11654 13591 749 3763 3775 
5 2 13588 6710 
5 3 13587 9450 13586 
4 2 13595 12364 
4 5 391 6241 9363 3512 13447 
4 6 13459 3516 11519 11562 9522 587 
4 10 11483 575 11548 9500 11420 485 11563 6569 9534 13407 
4 3 13406 9725 512 
4 4 13428 6973 6946 13427 
4 4 13402 11891 3772 6788 
4 4 6780 3782 776 3780 
4 4 6606 6793 9582 11584 
4 5 13445 6444 529 9482 6469 
4 6 13441 9517 11499 708 6693 692 
4 2 11465 13405 
4 6 7183 13395 10094 7153 9979 13394 
4 2 11805 13396 
3 2 13424 11837 
3 6 13438 3700 6720 9676 11663 9660 
3 4 11666 9527 557 3569 
5 2 13446 11542 
3 5 11542 9569 11556 569 3569 
4 4 9570 6512 9511 11467 
3 5 9427 11430 11532 11428 9508 
3 4 13436 9646 596 11581 
4 2 13404 6613 
4 2 13401 6766 
4 2 9737 13403 
3 2 13432 949 
3 5 13433 3663 9651 11636 6706 
3 4 362 3380 6402 6332 
4 2 13453 3392 
4 2 11479 13444 
4 3 13457 3271 3326 
4 6 6521 13454 13456 11505 3207 6282 
4 5 6389 11331 11305 13458 321 
3 5 11561 9419 11422 11437 11405 
3 5 6474 6505 9461 11434 9417 
4 6 6380 13479 3259 344 9256 6245 
4 2 13465 6115 
4 2 13466 11105 
4 5 11557 6532 3568 546 9288 
4 2 11370 13475 
4 5 11241 13476 11353 3247 306 
4 5 11333 13411 507 11471 13413 
4 4 13422 3273 6320 9392 
4 3 9379 9269 11297 
4 2 13463 6287 
4 5 9907 910 6875 6862 11751 
3 5 9904 11846 923 9826 819 
4 6 3816 790 13225 6836 6812 9764 
3 11 13435 624 11594 9624 11610 9643 9608 619 11577 11580 11586 
4 3 6296 327 3320 
4 7 3878 9847 6909 9832 13585 3906 6732 
4 9 3878 6911 3806 9693 11722 9754 598 6625 3778 
4 7 6710 13589 9724 9711 722 774 3763 
4 5 6890 13584 4442 11800 13581 
4 9 6845 6869 13580 9820 862 3697 11680 9664 11654 
4 2 4569 13577 
4 2 10337 13574 
4 2 9814 13575 
4 2 9671 13576 
4 2 7315 13594 
3 6 10513 13596 10432 5172 10980 13597 
3 8 10362 12496 10502 12453 1449 7500 12351 12364 
4 5 10125 12097 7087 7157 9998 
4 5 9379 9332 11270 13421 351 
4 9 13530 1759 10637 10622 4763 12560 7859 4864 12406 
4 2 1025 7110 
4 6 13520 9843 13519 11761 13518 10068 
3 8 13510 7191 4042 12076 7014 12052 10076 13515 
4 2 1092 13521 
5 5 10125 4142 11960 13523 7072 
4 2 13529 7169 
4 9 13495 2086 13494 10794 13570 5086 13493 1377 13492 
4 2 13468 3686 
3 9 13437 11625 6700 679 646 9606 614 3614 13434 
4 8 9638 663 13439 11623 6680 9655 3690 708 
4 6 11542 9414 11401 3514 573 514 
4 5 6488 6594 9557 11529 13443 
4 8 13443 9416 6421 3474 9497 538 6501 3535 
4 7 3775 6797 9580 605 3608 3635 13592 
4 7 13586 6713 11641 11685 9684 6769 13588 
3 4 9392 11378 11299 351 
3 6 6103 13416 11374 221 271 322 
3 4 13413 9484 3463 540 
3 4 11333 13412 13070 3501 
2 4 3379 3242 3359 11293 
3 7 9296 11176 9096 6151 11029 9204 13465 
3 6 6115 11184 11151 171 6310 383 
3 4 6050 161 11082 11380 
3 15 13464 9149 3182 11091 3045 11147 125 9035 3108 205 130 9088 182 3113 6132 
3 11 13482 3060 9100 9206 6186 3061 9183 9073 67 6144 11105 
3 5 13466 6108 11211 9194 3083 
2 7 9340 9240 9317 11291 6381 496 3152 
3 5 3320 10941 6340 277 11370 
1 7 13475 294 6220 6371 6249 9323 11241 
3 12 13476 6293 11234 248 6225 9212 6154 71 117 3072 79 13481 
3 9 306 3362 6387 9399 287 11349 9343 3215 6245 
3 7 6380 13480 6283 9278 6356 252 121 
3 7 6262 6396 6290 9348 6414 13477 6380 
3 9 3335 6411 9384 9355 11368 11214 261 3292 6262 
3 11 3335 3226 9301 3345 11369 274 3327 9302 11282 13478 6380 
3 5 11230 9396 11298 9342 9288 
3 5 3335 3390 398 236 11230 
3 5 11230 3278 9351 223 306 
2 9 13474 582 3584 6605 559 11504 511 9463 11437 
3 8 9355 9328 9260 3580 558 3492 9449 418 
2 5 11405 3399 429 6776 6474 
2 11 9417 585 426 6417 3417 3443 11400 9442 11447 498 13470 
2 7 13473 3555 6602 6506 9475 6539 3578 
1 6 1599 9702 12441 10472 3564 12320 
2 9 10837 4580 4637 4609 4901 4473 12434 1536 7661 
1 12 11561 574 11546 11703 3738 11670 6743 9683 3707 565 9716 3741 
1 7 11561 6451 3452 488 11454 3494 525 
3 7 3392 11466 6484 11399 9494 9468 13444 
3 7 13453 11247 11301 11274 402 524 3544 
3 7 11301 11357 11386 9372 6375 11245 6332 
3 5 6282 349 3340 9388 321 
3 8 13404 11593 3594 9609 11611 6688 3493 512 
3 5 9517 11486 3692 11640 9638 
3 10 11581 3592 3601 13252 9627 599 6626 628 13431 11584 
3 7 11584 13430 3604 603 3776 773 3780 
3 3 3772 770 6780 
3 2 10074 13423 
3 11 13398 854 6927 9824 9853 3946 6960 9898 11877 11849 11834 
3 6 11563 9434 6599 11535 3579 6449 
3 9 13404 11794 648 3652 9642 6698 698 678 9638 
3 7 11834 958 11713 762 780 3589 6613 
3 4 6960 9723 943 6766 
2 6 819 11803 883 6843 9784 13424 
2 2 13255 9914 
2 9 4109 3988 1109 976 3864 3973 3844 10163 11818 
3 6 11818 3936 6990 6857 935 13432 
3 13 13434 11583 6998 9602 9756 9771 11754 793 3796 9610 9612 6658 9617 
2 3 949 3971 793 
3 5 13403 9717 929 3749 13401 
3 7 9737 11565 9597 6657 11600 11616 13405 
3 8 13405 503 11613 3659 3671 9492 6533 512 
3 5 9517 13440 3530 6542 9503 
4 8 13399 3799 3891 3945 6879 9852 6914 13397 
3 5 13396 3861 799 6924 9817 
3 9 3816 813 11766 857 13226 885 11854 13220 740 
3 8 3516 13081 9472 13011 11549 9561 13409 11506 
3 9 11519 6537 11407 13375 6583 9575 11547 11560 13445 
3 6 11388 11233 11264 336 241 3326 
3 6 538 6524 3561 6513 11493 6377 
3 6 692 11653 9515 3299 571 11544 
3 5 11401 11517 6534 3545 9570 
3 6 13442 6562 3414 3583 9567 6464 
3 3 13441 6555 9557 
3 5 1821 10133 12287 1233 9292 
2 8 362 9263 11343 11372 9361 9334 6334 6282 
2 10 6332 11265 348 3288 9499 9731 9483 6229 6360 6296 
2 7 13451 6259 3230 3295 3324 389 362 
3 8 13449 493 11515 17 6558 3460 3510 9570 
2 5 9417 11559 765 3752 3734 
3 5 13521 11946 7212 12031 13523 
3 6 13527 4100 7016 4118 1024 7169 
3 5 13529 1165 6870 11847 6994 
3 6 7110 4164 11925 12006 1183 4102 
3 2 13526 4056 
3 2 13528 7125 
3 7 13517 1069 1084 10119 11944 4137 10068 
3 8 13492 12777 9973 13566 10751 13565 13491 4516 
3 6 4245 12050 2843 4162 13489 11929 
3 5 13483 4315 10808 13484 8011 
2 2 1349 13487 
2 2 13486 8087 
2 2 10278 13485 
2 2 9975 13488 
2 2 13496 7381 
2 2 1553 13490 
3 8 11771 11808 916 4642 4572 4503 7652 10433 
3 10 13396 970 980 3866 3790 6880 12070 9815 4080 7183 
3 12 13394 7068 1176 747 12038 4065 10109 10024 4098 962 6959 6906 
3 7 12406 7520 7450 1611 10458 10445 7564 
3 6 7798 7811 4791 1773 12924 12910 
3 5 13581 6899 9662 6707 11654 
3 4 4345 9601 7291 12149 
3 6 6890 9825 3685 689 11656 6710 
3 14 4569 12305 7626 4508 12437 1595 9796 831 11776 11760 6855 827 6874 13584 
3 22 13577 1621 12361 10717 10391 10333 9892 1770 11788 12577 7536 9880 1866 1719 3699 4029 7829 4834 4166 9657 12357 13587 
3 8 13576 9637 6861 4518 3784 11876 11859 9814 
2 15 10362 12336 10347 1641 7638 4436 10447 12396 4548 10405 4533 8181 7553 5167 10513 
2 5 13597 8190 12996 2153 10999 
2 9 7500 5163 10975 12942 5152 12970 8215 10992 650 
3 4 13595 12379 4573 7621 
2 7 650 5191 8194 5228 11000 5171 12994 
3 20 3957 873 6846 865 11738 3925 10412 10439 12445 10081 7138 4491 7527 1485 10394 638 12384 9996 4594 12735 
3 17 13576 3678 6699 9713 9697 3588 6665 3471 10151 4274 4328 4380 12211 10183 10271 7386 13594 
3 22 13575 11757 7517 1562 12374 7986 8115 853 3834 7920 5044 12791 10740 10894 4955 8064 12875 7981 3960 10861 10504 13574 
3 39 13593 1341 12205 10249 6510 9467 7366 4869 602 777 10718 7794 13094 11571 4875 4426 4872 12688 3721 1788 12603 12663 3481 4739 11440 10684 7787 3010 7766 1763 1411 10644 1737 10273 1393 1408 4428 10157 7315 
1 6 4901 12793 1896 4755 6997 12320 
1 7 1599 12309 4605 11645 4545 7495 7661 
2 12 12473 9893 6813 3890 9761 9777 3903 919 11826 3862 804 11747 
2 9 9612 649 9783 9919 9902 11842 3893 6895 9833 
2 8 11842 9888 6814 6952 6923 3937 3908 949 
2 9 11479 491 11427 11550 3743 9548 6584 744 3741 
2 7 9288 6344 6373 3350 386 216 13475 
2 13 525 3543 441 6593 3470 11543 6435 572 513 422 11441 6546 3392 
2 8 13453 3256 6306 3309 9304 3759 11216 11370 
1 11 11670 741 754 3757 9435 476 6429 3457 6509 6557 572 
2 5 3544 6511 3458 9521 11399 
2 9 11430 442 3410 3581 6573 6751 3731 716 9660 
2 6 6558 388 9387 6236 6390 6282 
2 6 241 11360 11318 9335 6286 6241 
2 6 3561 9524 564 11431 9443 495 
2 7 9515 9681 3703 9665 11651 704 13438 
2 7 9627 3631 11612 3673 6687 9679 9648 
2 8 13011 6545 9505 11488 11516 521 1346 9503 
2 7 740 6756 3737 743 9710 6777 13403 
2 10 13401 11702 755 9734 9751 620 3626 651 669 3671 
2 7 322 3287 296 9322 3353 9250 11297 
2 7 377 407 3274 6363 9364 3205 6384 
2 5 6449 9550 11508 9495 13405 
2 11 9817 724 6941 874 6867 13232 918 11825 6936 903 885 
2 5 3938 3794 9800 3874 6867 
2 13 740 11688 9703 6749 11707 13218 9719 729 11677 9686 6734 11673 9817 
2 10 7183 1178 875 879 3810 6948 9881 3986 896 3938 
2 9 6948 985 9925 13230 9877 3926 844 924 13396 
2 7 3945 888 832 11807 1192 4095 1176 
2 5 3652 3669 9490 551 13011 
2 4 13429 9752 6790 3780 
2 8 6780 9745 778 9603 6666 9622 9620 9638 
4 5 13446 6418 3585 9471 3535 
2 5 9515 3541 11497 9555 6418 
3 5 11519 9574 6496 11456 6241 
2 8 13454 13450 9428 9496 3473 444 3532 6558 
3 4 3522 9238 9294 11305 
4 5 13448 11545 9560 6487 3522 
2 7 6389 317 11251 3277 6364 6235 394 
2 4 9296 11367 6176 53 
3 9 6115 11078 9157 3021 11028 9227 11206 9139 3022 
2 16 383 3307 6412 9362 6345 9279 11376 6120 11160 11327 11215 329 299 3229 11390 11380 
2 11 11028 6042 3136 3128 77 9182 6093 156 9193 9117 11091 
2 7 3022 6038 3111 11049 6129 9154 3108 
2 5 6132 11201 9143 6083 9108 
2 4 3083 6066 169 3117 
2 6 67 6163 3137 3025 3009 3117 
2 4 587 3547 11470 9575 
2 3 11516 9559 6583 
2 13 9606 11608 9640 696 6711 6714 9672 9670 11639 6709 6695 660 3663 
1 8 3973 863 11786 3914 914 11767 3884 13255 
1 13 9914 9780 9809 9821 6889 9894 6942 6957 3924 3943 11901 6611 3601 
2 6 4073 13387 7011 3996 7164 4076 
2 25 3578 11523 9432 11421 6502 6339 9365 9243 11225 11377 11256 227 12172 3289 273 1278 1258 7300 4311 10256 4411 7429 12229 10213 9292 
2 61 1821 9553 1543 10189 12696 4824 7846 7774 3472 10600 12652 4700 10696 12546 12616 4806 7687 7825 7274 4866 7757 12631 10580 12563 12691 12621 1876 1813 10549 10661 12540 4797 1762 7717 12605 4801 4862 12507 1696 7835 12644 4716 7736 1826 12641 7786 4677 7725 10559 12543 7851 10678 12657 7763 4725 10655 7801 10722 7672 4805 12189 
2 9 957 6989 11750 6684 664 6686 11643 10466 12189 
2 4 11504 3557 11397 418 
2 12 3580 457 3554 9579 11396 413 3527 6553 6428 11436 471 9422 
2 10 413 6341 6398 6230 6279 3356 9330 9266 6333 6262 
1 6 3350 3378 9289 3331 11220 11241 
1 4 9483 6342 6222 9340 
1 14 9340 10323 7482 310 341 222 319 415 11202 11097 3053 9098 11072 117 
2 10 3152 11426 11127 11443 4640 104 11186 9097 6174 3151 
1 7 9784 6972 3968 10027 3901 12066 9990 
1 9 883 6939 3966 6831 9838 925 967 9924 782 
1 8 10278 12180 10152 1430 4321 7340 1275 8087 
1 6 1349 7013 4187 7150 11952 9975 
2 11 4516 4544 1637 12307 4513 10428 10060 1101 4104 4062 4245 
2 4 13495 13573 10729 10772 
1 6 13488 4064 1147 4110 10108 3456 
1 9 13486 10324 1359 7411 12295 10210 12182 12269 13487 
2 2 11913 13514 
2 2 13516 10000 
2 2 4619 13507 
2 8 13511 4925 13509 13506 13508 13505 6999 13501 
2 2 13497 7137 
2 7 4056 12060 10085 11977 7204 7221 7125 
2 4 7169 4067 11930 1117 
2 13 13519 6969 900 3830 3900 11886 6837 9835 11764 964 3783 6851 1150 
2 15 12910 10925 5225 8186 8220 5183 5197 12948 2191 12976 12990 11011 5175 2157 1652 
2 8 6855 9760 971 10441 7588 7646 10343 10412 
2 4 12735 10192 10824 12501 
2 11 3960 9829 5001 7945 6803 1618 1806 2043 1534 1564 10717 
2 24 10717 7834 1352 7892 4740 11802 10798 10702 3972 9908 2102 12627 10588 1827 7780 4723 4749 7745 1747 4839 6722 7877 4759 12603 
2 9 853 1793 11814 4799 4657 10387 941 11763 4518 
1 7 13089 2051 8032 5066 10730 8089 1965 
1 17 10999 8196 11002 10419 8197 10946 8143 10998 10939 5168 2227 10933 2175 13273 8179 5107 2132 
2 4 7621 1624 4643 1639 
2 4 650 8222 12984 5121 
2 2 12942 10975 
1 6 12994 13301 8217 13303 5131 13086 
1 5 13230 9839 9770 13221 6867 
1 5 875 6744 10111 1090 1176 
1 4 10024 1093 9903 832 
3 5 3945 9812 7213 11737 3816 
1 8 3816 6901 9840 11821 915 9882 3915 6766 
1 4 11677 11692 6955 758 
1 6 11825 4024 3920 726 3729 11707 
1 2 13395 1048 
1 6 620 6618 9593 11576 9748 3594 
1 5 11465 9510 6536 542 3552 
1 4 6384 6335 6399 11332 
1 2 13422 6395 
1 6 3273 9383 6300 3150 11136 200 
1 5 11293 3342 9310 11267 7394 
1 3 678 6529 9503 
1 2 391 3314 
1 2 9335 6336 
1 2 3326 374 
1 3 3277 13263 399 
1 2 13463 6393 
1 9 383 6331 6406 9329 9406 13265 6397 9393 11380 
1 8 9108 3104 3054 6074 6206 101 6055 192 
1 6 9108 6165 6125 9147 11125 11164 
1 11 3117 11126 3122 11065 3172 66 195 11121 158 11081 11164 
1 5 9116 9140 6117 11183 3134 
1 28 3134 11117 9201 6181 3121 9162 3008 86 3189 9195 94 6021 11175 155 11092 3033 9118 11159 3084 9082 3142 9184 3140 11174 70 9197 11068 13481 
1 16 9206 11162 3050 6150 3187 3030 9061 6156 6033 11141 6078 11199 9106 82 120 158 
1 14 3140 6131 11093 93 3085 6189 9207 11189 9131 11107 2 11099 9122 121 
1 9 9131 9199 3157 6075 9187 3130 11171 312 3338 
1 10 121 3220 3116 6247 6269 357 3347 6295 9389 11375 
1 15 11375 9368 11275 368 6403 325 6307 3315 6338 372 9514 292 6404 339 11225 
1 14 3578 6450 11308 11335 11393 9258 9286 6391 11324 297 11277 11344 3303 11375 
1 18 6338 260 9381 9390 6383 9370 6124 272 3139 6297 305 11320 6278 12244 1365 390 11352 7375 
1 6 1278 12130 7444 10286 12216 7375 
1 7 7375 1754 278 11307 7228 12567 1821 
1 15 9131 3175 11095 174 3164 3087 6190 9133 11192 119 3112 9065 3146 6171 6124 
1 10 957 11879 3944 9897 6964 11893 10376 10503 9782 10433 
1 7 964 9854 6981 11835 912 9790 4052 
2 6 7125 12040 1003 11915 10065 4052 
1 12 13528 4004 848 6928 3981 3852 6922 959 6822 898 944 9897 
1 4 4052 7171 11770 6928 
1 6 6981 3970 3839 3895 987 11771 
1 4 10433 7526 1645 4506 
1 15 4506 12485 1627 7812 1811 7578 12554 7648 1608 11752 7545 1489 952 9776 9843 
1 5 1069 10102 12074 1184 13516 
1 10 13517 7160 11962 7092 1188 4190 7109 12026 4140 13520 
1 12 13517 4037 10043 7025 12055 1076 4123 4005 1001 10008 1146 13514 
1 4 13515 1089 4001 11913 
1 7 13507 4631 9999 7097 10517 7101 13502 
1 8 4619 9959 4203 1083 12061 1171 1099 13514 
1 18 13511 1367 13513 12767 7256 2091 4167 7418 7406 12408 4547 1603 1004 10364 7656 10098 7085 7025 
1 7 13502 7434 12086 1612 7596 8072 7418 
1 4 3992 1628 1036 4619 
1 13 3992 4083 7172 7199 1053 9942 9970 1120 12095 13498 1047 7108 10062 
1 5 9974 7058 1096 11991 13510 
1 4 13514 996 7120 7191 
1 7 1185 4075 12048 1073 12065 1469 13497 
1 10 9970 11918 4125 12407 10404 7095 1597 4028 10050 7137 
1 6 7199 10057 4156 13143 13500 7097 
1 2 1047 4189 
1 8 10125 13524 4172 7102 10032 10128 12007 1117 
1 2 11960 1136 
1 5 3962 7532 10444 10512 12421 
1 20 4401 12232 10232 12204 1285 10162 4405 4334 1300 4255 10137 10309 4379 1302 7280 12297 4397 10016 11936 1185 
1 12 4401 10261 12260 7376 7432 7404 4359 1353 7292 1244 7225 7408 
1 6 11929 11968 1075 7634 10514 1553 
1 5 10297 4412 7427 4424 12299 
1 8 7381 12249 1386 7223 7642 10135 10491 4608 
1 4 10265 7323 10165 1415 
1 5 13490 4087 4588 1082 4425 
1 11 4425 10920 7469 1492 12404 12449 1650 10344 10283 10154 1330 
1 12 4425 10863 12898 7965 4559 1319 4192 4504 10763 1010 4431 13501 
1 6 10404 4480 10335 1474 9939 1010 
1 9 10060 10116 12462 11978 10001 10255 4237 1228 7340 
1 7 13492 13567 4045 5040 4410 8120 10401 
1 10 13488 12092 12743 4106 2105 4950 10030 4883 12854 10401 
1 8 4110 7084 10735 7903 10139 8007 10066 10772 
1 6 4315 8067 10246 12164 10149 13485 
1 5 1321 1238 7447 12275 13483 
1 6 1321 7402 4327 7265 4416 10246 
2 4 8011 8100 1412 7244 
1 6 7244 7395 4278 12105 7250 12295 
1 7 10001 7372 12241 10469 1579 7574 10401 
1 7 13494 2054 13568 1908 4971 2092 4106 
1 9 1599 4534 11609 9628 670 3672 6689 3668 6701 
2 9 9753 6620 11429 9455 6486 6516 520 13471 3529 
1 7 6701 700 6748 3726 6758 757 9753 
1 7 2097 7994 2004 8001 2089 13366 8085 
1 12 3862 3807 3870 9861 869 6807 7143 10056 11810 11746 806 12473 
1 10 6813 9912 7620 11759 4512 11739 9858 11853 652 10472 
1 5 3653 772 3658 6671 1599 
1 14 3653 11753 3714 9932 3979 3965 960 11894 11881 6995 3967 6938 9844 11747 
1 4 11853 9954 9868 3979 
1 4 919 933 9915 11881 
1 12 6807 9755 940 11860 3876 9878 3983 3856 11796 3927 928 4112 
1 7 3856 11831 3951 6808 9806 11784 11747 
1 4 3951 6871 11811 11829 
1 7 928 9921 9799 9887 6912 11867 947 
1 3 3856 856 947 
1 4 3996 4055 1068 10031 
1 12 4206 1086 7151 7170 1065 11919 792 4111 4550 1056 7140 12473 
1 10 1149 1189 12039 11957 7005 10026 11921 7162 10091 11969 
1 6 11969 9994 4163 1160 7081 12051 
1 6 12051 10078 4046 7166 11939 1145 
1 5 1145 9964 1013 11923 7132 
1 4 7132 4116 989 12100 
1 5 9945 10113 1194 10070 7069 
1 5 12100 7215 4199 12087 9945 
1 8 1086 7176 11970 4161 11979 1155 12049 4073 
1 12 9914 9875 833 3865 3882 11832 9874 6940 3939 3956 9599 11586 
1 7 9672 11676 746 3548 11691 6586 3581 
1 6 11666 6739 9692 541 11522 11539 
1 11 9628 9647 6733 6718 731 11678 11696 735 11681 3720 3734 
1 8 3527 11475 11412 6591 3540 3519 9488 9461 
1 6 3578 3426 9460 6492 3465 9422 
1 8 3529 13472 3582 579 487 544 6587 9422 
1 11 9422 313 367 3389 3266 6329 376 9276 6343 9407 11344 
1 17 10256 4215 10224 7341 10253 12294 1314 4227 7354 7243 4581 12471 1479 1614 1576 4499 1554 
1 14 1573 1632 4549 7448 10476 4893 2000 5029 7491 12333 12491 7635 7563 7477 
1 6 10837 10768 10385 7602 10351 12333 
1 5 1554 7501 7777 10601 1459 
1 3 1573 1623 1554 
1 8 3350 331 304 215 6232 6556 11477 6593 
1 2 507 9458 
1 4 13417 11279 6237 13418 
1 4 6384 13419 13420 9379 
1 5 13404 9590 6639 6668 6666 
1 4 6657 11582 625 620 
1 5 11846 13425 9794 6926 925 
1 8 3604 11598 9630 11615 11618 673 11620 692 
1 6 673 11634 3675 688 3684 9665 
1 5 9665 732 543 9541 9569 
1 4 11539 11554 11398 9427 
1 4 1468 1494 12064 10400 
1 4 10968 12925 5117 8193 
1 5 2050 10919 1951 12785 10862 
1 3 5210 5196 1939 
1 5 10400 2213 10668 1509 10697 
1 3 10697 4822 4696 
1 4 1468 7576 1833 4696 
1 4 10400 5106 10566 8245 
1 5 1509 5203 7605 10963 2229 
1 7 2229 4879 10957 12519 13217 7872 5199 
1 3 5199 2216 10929 
1 5 10929 2120 12935 5177 8245 
1 6 8215 10964 2136 12928 12914 5228 
1 7 10502 12468 12440 8187 12964 2173 2194 
1 4 2194 5178 8239 8181 
1 6 10980 12334 8148 7476 2167 12977 
1 11 2194 2152 12922 12943 10944 2224 11001 8216 13309 12978 2136 
1 4 2156 5120 11020 8252 
1 8 5121 12954 5169 5118 2161 2169 13305 10953 
1 6 7500 8208 10375 10418 1596 1639 
1 9 10418 12998 10935 2149 12306 12982 12349 13307 10953 
2 5 1965 7913 5021 13088 5015 
2 5 13089 5052 10172 4956 5021 
1 5 10172 12804 7921 4946 8057 
2 8 13574 12341 1927 12782 6987 6785 12369 5015 
1 7 8057 10871 8003 7973 12835 10769 5015 
1 7 8057 1945 4977 4908 10765 8012 3834 
1 6 8003 12850 10830 2037 8097 10740 
1 7 1550 7546 4476 10374 7451 10498 7622 
1 2 11738 788 
1 13 7138 7083 12054 1132 1019 11927 10047 7202 1547 11975 1480 12381 1572 
1 8 1572 1556 10407 10380 7640 492 7422 12735 
1 8 7588 6971 7547 9727 12568 4988 8083 12501 
1 9 12501 1987 7615 7797 1646 4444 7543 1503 5001 
1 9 12735 1587 8110 12429 1615 4464 7524 1453 7552 
2 9 4464 4650 10449 7599 7555 1528 12486 7628 13574 
1 4 13577 12346 4625 7797 
2 7 1866 6752 10618 3719 1870 4790 4872 
1 8 1770 10666 12586 1683 12516 7771 1875 1747 
1 7 10740 3867 8070 4975 12552 9792 12627 
1 10 1827 1658 6887 1756 4668 4865 10651 10591 7879 4799 
2 10 4274 1414 4826 7721 9616 10556 1789 12535 10582 4865 
2 15 7315 12214 10327 10198 10693 1832 4838 1854 7779 4860 10593 10624 4863 7883 4759 
3 9 6732 13590 3712 3732 6719 10230 10174 7433 12149 
2 11 7433 1284 10247 4287 634 12289 4285 1424 7304 7644 7361 
1 8 1814 7826 1801 10609 4718 12664 1565 4543 
1 4 1801 7692 12617 12604 
1 4 2211 2203 5195 2197 
1 4 7236 12131 1279 7329 
1 14 10344 12256 7441 12317 7675 1488 7492 7353 7572 10411 12173 10221 10250 7408 
1 6 1459 10660 7706 12583 4224 1591 
1 15 7274 4734 1794 11410 12594 4661 7350 10161 10290 4764 10680 10550 10619 10547 1591 
1 5 3320 9295 11342 11358 310 
1 9 3580 11526 3520 522 6565 9566 3542 9506 3568 
1 6 6474 3479 3491 9531 6554 418 
1 5 476 9481 11490 504 525 
2 5 6706 9701 11655 11672 3741 
1 6 7138 10495 8014 913 1582 9727 
1 9 2097 12046 3795 1600 10106 10804 1549 12387 4512 
1 5 3530 3558 563 11531 9575 
1 16 7151 4574 4591 11976 12455 2027 5099 12758 10892 8004 12870 12727 5024 12702 1955 8085 
1 7 12051 9976 12034 9943 3987 10082 7005 
1 6 7069 10023 4139 4108 7203 12857 
1 7 4108 1989 7908 4933 4154 1111 12100 
